spawns:
  default:
    world: 91ff1682-9975-49cb-8ff8-5f6c2e7d09f4
    world-name: spawn2
    x: 0.5701830365040206
    y: 64.0
    z: 3.759163593033716
    yaw: 0.9019775390625
    pitch: 6.449954032897949
