world: ad9a28af-62d8-46b8-aeb2-bdcb8c3137cb
world-name: dungeon2
x: 229.44344266697138
y: 78.0
z: 294.593968756194
yaw: -0.6033935546875
pitch: -2.2499566078186035
name: boss
lastowner: 9e9c9df8-57aa-3ef3-8bb9-b85629a1c59c
