world: 91ff1682-9975-49cb-8ff8-5f6c2e7d09f4
world-name: spawn2
x: -41.58942353402924
y: 64.0
z: 40.535766660329855
yaw: 90.45196533203125
pitch: 1.1999143362045288
name: cajas
lastowner: 9e9c9df8-57aa-3ef3-8bb9-b85629a1c59c
