world: 8812bb5f-af3d-4d9f-a74a-11e4ab52b37e
world-name: arenapvp
x: 7.477595217472751
y: 67.0
z: -21.977365920556934
yaw: -0.44952392578125
pitch: -0.4498777389526367
name: comida
lastowner: 9e9c9df8-57aa-3ef3-8bb9-b85629a1c59c
