world: ad9a28af-62d8-46b8-aeb2-bdcb8c3137cb
world-name: dungeon2
x: 34.58675593126106
y: 86.1875
z: 135.48398616556412
yaw: -89.249267578125
pitch: -1.8000069856643677
name: dungeon
lastowner: 9e9c9df8-57aa-3ef3-8bb9-b85629a1c59c
