world: 2c72d68b-9c7f-408c-9eeb-cb9c61b93c52
world-name: koth
x: -6.013273452724971
y: 60.0
z: 2.5011495449876477
yaw: -89.84976196289062
pitch: 1.7999682426452637
name: koth
lastowner: 9e9c9df8-57aa-3ef3-8bb9-b85629a1c59c
