world: 91ff1682-9975-49cb-8ff8-5f6c2e7d09f4
world-name: spawn2
x: 21.380499403670463
y: 64.0
z: 49.383757562587824
yaw: -88.34796905517578
pitch: 0.8998764753341675
name: tradeos
lastowner: 9e9c9df8-57aa-3ef3-8bb9-b85629a1c59c
