world: fa534831-f8de-4921-aa78-c2179ca0ece3
world-name: spawn
x: -11.48364677519021
y: -52.0
z: 212.31432662572104
yaw: -177.44992065429688
pitch: 5.700240612030029
name: crates
lastowner: 9e9c9df8-57aa-3ef3-8bb9-b85629a1c59c
