world: fa534831-f8de-4921-aa78-c2179ca0ece3
world-name: spawn
x: -17.431092424821657
y: -52.9375
z: 230.48256428849467
yaw: 91.19927978515625
pitch: -1.9501501321792603
name: Encantamientos
lastowner: 9e9c9df8-57aa-3ef3-8bb9-b85629a1c59c
